9056124123
99056124123
99999
1
999919909990989
1919191
3453453453453453453
3453453453453454345
990
999183174866553530484333327127690262672319222221121420720618181317445171512110163
98468165204405317273033024123522852222034520181178417171514451411382138131141090110
59344530363232228917341601244120610291010
4294222532101813731341102
528218171905185163
89622991
883777226766611575548416362331067252172510024779236622492177820782031199719746191919191175491716716154142514113968136313122912121180211110395
85
102410210
990
565
123451234123121
9989879876987659876549876543
999990900
24187
9876543220191817161514131211110
111111111111111
666666666666666666666666666666666666123421412341234
635235523523523566666666666666666666666666666666666123421412341234
